02289512                  2          18        2          1          8.095

02667819                  1          10        4          7          3.810

02709473                  2          15        2          4          6.667

02720147                  1          19        1          1          8.810

02728155                  1          16        1          4          7.381

03144047                  2          15        3          3          6.429

04625558                  2          10        6          5          3.333

04629556                  1          16        4          1          6.667

05299935                  2          9         9          3          2.143

05304219                  2          14        2          5          6.190

05311923                  2          20        0          1          9.524

05339455                  2          19        2          0          8.571

05439560                  1          16        4          1          6.667

05453548                  2          21        0          0          10.000

05458386                  1          20        1          0          9.286

05943739                  2          15        3          3          6.429

06278286                  1          20        1          0          9.286

06682977                  1          16        3          2          6.905

47293890                  1          19        2          0          8.571

47544635                  1          16        3          2          6.905

51115844                  1          13        2          6          5.714

51116024                  1          18        3          0          7.857

51122062                  2          18        3          0          7.857

51124778                  2          18        2          1          8.095

51141133                  1          20        1          0          9.286

51141644                  1          14        2          5          6.190

51142852                  1          14        3          4          5.952

51144195                  1          14        4          3          5.714

51469281                  2          17        3          1          7.381

51473466                  1          13        3          5          5.476

51477999                  2          20        1          0          9.286

51480697                  2          15        6          0          5.714

51500935                  1          21        0          0          10.000

52895132                  2          18        2          1          8.095

53495065                  1          21        0          0          10.000

53496970                  1          17        4          0          7.143

53498169                  2          19        1          1          8.810

53499444                  2          12        6          3          4.286

53500759                  2          19        2          0          8.571

53502608                  1          12        6          3          4.286

53666399                  1          19        2          0          8.571

53666971                  2          18        3          0          7.857

53667274                  2          18        2          1          8.095

53668893                  1          15        6          0          5.714

53745512                  1          11        3          7          4.524

53746282                  1          14        5          2          5.476

53746462                  1          15        4          2          6.190

53746576                  2          17        0          4          8.095

53747504                  2          12        9          0          3.571

53757766                  1          17        4          0          7.143

53764713                  2          21        0          0          10.000

53816763                  1          14        6          1          5.238

53840595                  2          21        0          0          10.000

53840828                  1          18        1          2          8.333

53842571                  2          20        1          0          9.286

53842773                  1          15        3          3          6.429

53842825                  2          17        4          0          7.143

53989769                  2          17        1          3          7.857

70060999                  2          19        2          0          8.571

70061447                  2          16        4          1          6.667

70074496                  2          7         4          10         2.381

70076248                  1          18        3          0          7.857

70256021                  1          14        3          4          5.952

70418127                  2          20        1          0          9.286

70418772                  2          14        7          0          5.000

70422188                  1          20        1          0          9.286

70935599                  1          21        0          0          10.000

71302326                  2          15        4          2          6.190

71307312                  2          13        3          5          5.476

76660945                  1          21        0          0          10.000

77155569                  1          18        3          0          7.857
